0.7800424628450107 1.1643031329208803e-17
0.7851380042462845 5.4417142868659096e-18
0.7902335456475584 2.8804441533962978e-18
0.7953290870488323 1.7030650292528565e-18
0.8 1.1247371783647509e-18
0.8050955414012739 7.9597770023149775e-19
0.810615711252654 6.120498372476715e-19
0.8148619957537155 4.905583706365045e-19
0.8203821656050956 4.0983836717572863e-19
0.8250530785562633 3.471686818926559e-19
0.8301486199575372 3.108082173869083e-19
0.8348195329087049 2.821307675939471e-19
0.840339702760085 2.596655972934883e-19
0.8454352441613588 2.4231727942376104e-19
0.8505307855626327 2.2927693128656486e-19
0.8556263269639066 2.1693835183851912e-19
0.8602972399150743 2.0812215699863414e-19
0.8653927813163482 1.9692202554791815e-19
0.8704883227176221 1.9155005555735239e-19
0.8751592356687898 1.8632463119315598e-19
0.8806794055201699 1.8124175473742396e-19
0.8853503184713376 1.7875255259042465e-19
0.8904458598726115 1.762975375287211e-19
0.8951167728237792 1.7387624002162504e-19
0.9002123142250531 1.7387624002162504e-19
0.905307855626327 1.6913295170296504e-19
0.9099787685774947 1.6913295170296504e-19
0.9150743099787686 1.6681005372000557e-19
0.9201698513800425 1.6681005372000557e-19
0.9252653927813164 1.6681005372000557e-19
0.9303609341825902 1.6681005372000557e-19
0.9354564755838641 1.6681005372000557e-19
0.9401273885350319 1.6681005372000557e-19
0.9456475583864119 1.6681005372000557e-19
0.9503184713375796 1.6681005372000557e-19
0.9554140127388535 1.6681005372000557e-19
0.9605095541401274 1.7148819698705478e-19
0.9656050955414013 1.7148819698705478e-19
0.970276008492569 1.7387624002162504e-19
0.9753715498938429 1.7387624002162504e-19
0.9800424628450106 1.762975375287211e-19
0.9851380042462845 1.762975375287211e-19
0.9902335456475584 1.7875255259042465e-19
0.9949044585987261 1.8124175473742396e-19
