-3.71 1e-11 1e-11
-3.7 7.5676e-12 3.7838e-12
-3.6 1.47521e-13 7.37607e-14
-3.5 3.95315e-14 1.97658e-14
-3.4 2.3423e-14 1.17115e-14
-3.3 1.94367e-14 9.71836e-15
-3.2 1.73622e-14 8.68111e-15
-3.1 1.58493e-14 7.92467e-15
-3 1.49707e-14 7.48535e-15
-2.9 1.48798e-14 7.43988e-15
-2.8 1.46162e-14 7.30812e-15
-2.7 1.50056e-14 7.50279e-15
-2.6 1.52371e-14 7.61854e-15
-2.5 1.59085e-14 7.95427e-15
-2.4 1.74596e-14 8.72978e-15
-2.3 2.25812e-14 1.12906e-14
-2.2 8.64495e-14 4.32247e-14
-2.1 3.54792e-13 1.77396e-13
-2 3.85946e-12 1.92973e-12
-1.99 1e-11 1e-11
