-3.75 1.5e-11 1.5e-11
-3.501467 2.28176e-07 1.14088e-07
-3.377200 1.53157e-10 7.65786e-11
-3.252933 9.79224e-12 4.89612e-12
-3.128667 6.48537e-13 3.24269e-13
-3.004400 2.74739e-14 1.3737e-14
-2.880133 4.58162e-15 2.29081e-15
-2.755867 1.83002e-15 9.15009e-16
-2.631600 9.56933e-16 4.78466e-16
-2.507333 5.89189e-16 2.94594e-16
-2.383067 4.2122e-16 2.1061e-16
-2.258800 3.33467e-16 1.66734e-16
-2.134533 2.80878e-16 1.40439e-16
-2.010267 2.5348e-16 1.2674e-16
-1.886000 2.41659e-16 1.20829e-16
-1.761733 2.36544e-16 1.18272e-16
-1.637467 2.3287e-16 1.16435e-16
-1.513200 2.31417e-16 1.15709e-16
-1.388933 2.30271e-16 1.15135e-16
-1.264667 2.27422e-16 1.13711e-16
-1.140400 2.25685e-16 1.12843e-16
-1.016133 2.2513e-16 1.12565e-16
-0.891867 2.24673e-16 1.12337e-16
-0.767600 2.23659e-16 1.11829e-16
-0.643333 2.23885e-16 1.11943e-16
-0.519067 2.24191e-16 1.12096e-16
-0.394800 2.24974e-16 1.12487e-16
-0.270533 2.25305e-16 1.12652e-16
-0.146267 3.28519e-16 1.6426e-16
-0.022000 9.57783e-16 4.78891e-16
-0.022 1.125e-11 1.125e-11
