-3.75 1e-11 1e-11
-3.7 1.70765e-13 8.53824e-14
-3.6 3.32886e-15 1.66444e-15
-3.5 8.92037e-16 4.46021e-16
-3.4 5.28548e-16 2.64274e-16
-3.3 4.38596e-16 2.19298e-16
-3.2 3.91784e-16 1.95892e-16
-3.1 3.57644e-16 1.78822e-16
-3 3.37819e-16 1.68909e-16
-2.9 3.35767e-16 1.67883e-16
-2.8 3.29819e-16 1.6491e-16
-2.7 3.38606e-16 1.69303e-16
-2.6 3.4383e-16 1.71915e-16
-2.5 3.5898e-16 1.7949e-16
-2.4 3.93982e-16 1.9699e-16
-2.3 5.09552e-16 2.54776e-16
-2.2 1.95076e-15 9.75374e-16
-2.1 8.006e-15 4.003e-15
-2 8.70903e-14 4.3545e-14
-1.95 1e-11 1e-11
